1 
1 
2 
1 
1 
2 
2 
2 
1 
3 
3 
4 
4 
2 
4 
5 
1 
3 
5 
2 
3 
2 
2 
3 
2 
4 
3 
5 
6 
3 
4 
3 
2 
4 
2 
3 
3 
3 
4 
3 
3 
4 
3 
2 
1 
3 
2 
1 
2 
3 
2 
1 
1 
3 
1 
4 
5 
5 
3 
2 
2 
3 
3 
3 
3 
1 
3 
6 
4 
1 
7 
8 
8 
8 
8 
9 
9 
8 
9 
9 
8 
9 
9 
9 
8 
9 
9 
9 
9 
9 
9 
9 
8 
9 
9 
9 
9 
9 
9 
3 
2 
4 
1 
3 
2 
2 
3 
4 
1 
4 
4 
4 
4 
3 
2 
4 
10 
1 
4 
1 
1 
4 
1 
2 
3 
2 
1 
2 
1 
4 
3 
2 
1 
10 
1 
1 
3 
1 
4 
2 
3 
4 
2 
4 
10 
2 
1 
1 
4 
1 
4 
3 
3 
2 
4 
1 
1 
3 
2 
2 
4 
1 
1 
3 
1 
1 
10 
4 
4 
3 
2 
3 
4 
3 
3 
11 
1 
11 
1 
1 
2 
3 
2 
1 
2 
3 
3 
2 
1 
11 
2 
2 
11 
1 
4 
3 
3 
1 
1 
1 
3 
3 
4 
1 
1 
1 
3 
3 
11 
1 
4 
2 
1 
2 
3 
1 
1 
3 
3 
3 
2 
3 
4 
4 
1 
4 
2 
2 
1 
2 
11 
1 
3 
1 
2 
3 
1 
11 
2 
1 
11 
11 
2 
1 
11 
1 
1 
4 
1 
2 
1 
11 
2 
11 
11 
3 
1 
3 
3 
2 
3 
1 
11 
2 
11 
2 
1 
1 
4 
3 
1 
2 
3 
1 
2 
2 
2 
4 
2 
12 
8 
9 
8 
9 
9 
8 
9 
8 
8 
8 
8 
8 
8 
8 
8 
8 
8 
9 
8 
8 
8 
8 
8 
8 
9 
8 
9 
9 
8 
8 
8 
8 
9 
8 
8 
9 
9 
9 
9 
8 
9 
9 
8 
8 
8 
9 
9 
9 
9 
9 
8 
8 
8 
6 
6 
6 
9 
9 
9 
8 
8 
9 
8 
8 
9 
6 
9 
8 
12 
12 
12 
12 
12 
12 
12 
12 
12 
12 
12 
12 
12 
12 
12 
12 
12 
12 
12 
12 
12 
12 
12 
12 
12 
12 
12 
12 
12 
12 
12 
12 
12 
12 
12 
12 
12 
12 
12 
12 
12 
12 
12 
12 
12 
12 
12 
12 
12 
12 
12 
12 
12 
12 
12 
12 
12 
12 
12 
12 
12 
12 
3 
14 
15 
16 19 
17 
19 
3 
20 
1 
5 
21 
22 
23 
24 
14 
25 
26 
16 
18 
27 
28 
29 
30 
31 
29 
32 
22 
33 
34 
35 
32 
36 
37 
38 
39 
40 
41 
42 
43 
16 
44 
15 
45 
24 
46 
44 
47 
48 
49 
3 
5 
31 
38 
50 
24 
51 
38 
34 
47 
34 
26 
30 
52 
45 
3 
2 
53 
54 
2 
55 
1 
5 
55 
1 
5 
4 
4 
1 
2 
4 
5 
3 
1 
3 
2 
2 
56 
4 
1 
2 
4 
57 
2 
5 
3 
4 
2 
42 
3 
3 
3 
3 
2 
3 
2 
3 
3 
4 
1 
2 
1 
5 
4 
3 
4 
2 
5 
3 
1 
4 
5 
3 
2 
2 
5 
4 
1 
2 
1 
4 
2 
3 
2 
2 
4 
1 
6 
4 
4 
1 
2 
3 
4 
4 
3 
3 
4 
3 
2 
2 
4 
3 
35 
3 
3 9 
4 
1 
1 
4 
2 
3 
4 
58 
3 
2 
2 
4 
4 
4 
58 
4 
1 
1 
4 
4 
2 
4 
4 
4 
4 
2 
1 
3 
2 
1 
2 
3 
1 
1 
2 
1 
4 
3 
58 
2 
2 
2 
58 
2 
3 
2 
4 
4 
4 
3 
4 
1 
4 
1 
2 
1 
3 
6 
58 
4 
3 
4 
3 
2 
3 
2 
3 
2 
4 
4 
4 
2 
4 
1 
4 
2 
2 
3 
2 
3 
3 
2 
3 
2 
1 
1 
1 
58 
4 
1 
8 
9 
9 
9 
9 
9 
9 
8 
9 
8 
9 
9 
9 
9 
8 
9 
8 
9 
9 
6 
9 
8 
9 
59 
4 
1 
1 
59 
4 
2 
4 
3 
4 
4 
1 
4 
4 
3 
4 
2 
1 
2 
3 
2 
3 
4 
4 
2 
1 
3 
4 
4 
2 
4 
3 
59 
2 
1 
1 
1 
3 
3 
3 
2 
1 
4 
3 
1 
3 
4 
1 
2 
59 
2 
4 
6 
2 
4 
59 
2 
2 
2 
2 
2 
2 
4 
1 
59 
59 
4 
1 
2 
3 
2 
4 
1 
2 
2 
1 
4 
6 
3 
4 
2 
8 
9 
9 
8 
6 
9 
8 
9 
8 
9 
6 
6 
9 
9 
9 
9 
8 
9 
8 
8 
12 
12 
12 
12 
12 
12 
12 
12 
12 
12 
12 
12 
12 
12 
12 
12 
12 
12 
12 
12 
12 
12 
12 
12 
12 
12 
12 
12 
12 
12 
12 
12 
12 
8 
3 
60 
4 
61 
62 
63 
64 
28 
32 
65 
42 
4 
19 
23 
53 
65 
33 
28 
28 
30 
21 
57 
18 
47 
28 
66 
67 
31 
18 
25 
30 
24 
26 
32 
41 
53 
68 
69 
70 
14 
48 
25 
57 
47 
15 
52 
52 
62 
21 
46 
4 
69 
28 
4 
1 
4 
64 
3 
4 
2 
1 
1 
2 
4 
1 
3 
4 
3 
2 
2 
1 
2 
1 
1 
1 
3 
3 
67 
3 
4 
3 
2 
73 
1 
2 
3 
3 
4 
1 
1 
4 
3 
1 
4 
1 
2 
73 
4 
1 
3 
2 
1 
3 
4 
1 
3 
2 
1 
4 
2 
3 
3 
3 
1 
73 
3 
2 
4 
3 
4 
4 
1 
4 
1 
1 
73 
3 
2 
3 
1 
4 
4 
3 
12 
12 
12 
12 
12 
12 
12 
12 
12 
12 
12 
12 
12 
12 
12 
12 
12 
12 
12 
74 
75 
56 
2 
28 
30 
75 
64 
30 
60 
4 
15 
64 
25 
42 
14 
3 
4 
3 
1 
75 
4 
3 
2 
3 
3 
4 
1 
2 
4 
4 
3 
4 
1 
1 
1 
2 
75 
2 
2 
3 
4 
3 
4 
4 
2 
4 
3 
2 
3 
3 
4 
4 
2 
4 
1 
2 
4 
2 
2 
1 
2 
4 
3 
1 
3 
1 
3 
75 
1 
75 
2 
4 
4 
3 
3 
3 
2 
2 
3 
3 
75 
4 
4 
2 
6 
2 
1 
1 
2 
1 
2 
1 
1 
3 
1 
1 
1 
2 
12 
12 
8 
9 
9 
8 
8 
8 
8 
8 
8 
8 
9 
8 
9 
9 
8 
8 
8 
9 
8 
8 
12 
12 
12 
12 
12 
12 
12 
12 
12 
12 
12 
12 
12 
12 
12 
12 
12 
12 
12 
18 
48 
28 
25 
33 
8 
3 
50 
65 
21 
23 
47 
74 
24 
18 
21 
76 
7 
48 
31 
47 
54 
25 
3 
8 
3 
2 
2 
4 
3 
4 
77 
77 
4 
2 
4 
2 
2 
3 
4 
1 
4 
3 
2 
1 
2 
1 
4 
4 
1 
1 
1 
4 
2 
2 
2 
2 
4 
1 
1 
2 
4 
4 
4 
77 
2 
3 
1 
4 
77 
4 
3 
4 
4 
4 
4 
2 
1 
2 
77 
3 
2 
3 
1 
3 
1 
3 
1 
2 
77 
2 
77 
1 
4 
2 
3 
3 
2 
1 
1 
4 
3 
2 
1 
2 
1 
4 
1 
12 
12 
12 
44 
1 
3 
4 
2 
1 
78 
4 
3 
1 
2 
2 
3 
3 
1 
1 
4 
4 
3 
2 
1 
1 
2 
2 
1 
2 
1 
1 
3 
78 
1 
1 
2 
1 
4 
1 
1 
4 
4 
3 
1 
2 
2 
2 
3 
2 
1 
2 
2 
2 
3 
1 
4 
2 
1 
1 
3 
4 
4 
1 
1 
4 
4 
1 
2 
1 
4 
2 
1 
4 
2 
4 
1 
4 
3 
1 
1 
4 
2 
78 
1 
4 
4 
2 
3 
3 
4 
3 
1 
2 
12 
12 
12 
12 
12 
12 
12 
12 
12 
12 
12 
12 
12 
12 
12 
12 
6 
12 
12 
12 
12 
12 
12 
12 
12 
66 
4 
30 
68 
25 
3 
79 
33 
28 
74 
15 
3 
32 
80 
28 
74 
20 
17 
76 
38 
14 
81 
16 
30 
65 
4 
47 
23 
68 
68 
35 
30 
74 
4 
44 
46 
2 
3 
1 
2 
4 
82 
2 
2 
3 
4 
1 
2 
82 
3 
4 
2 
2 
4 
2 
3 
1 
2 
4 
3 
2 
3 
1 
2 
4 
4 
2 
3 
2 
3 
1 
3 
4 
2 
1 
1 
4 
4 
4 
1 
3 
3 
3 
82 
4 
4 
2 
3 
82 4 
3 
4 
1 
1 
4 
3 
2 
3 
3 
2 
1 
1 
2 
1 
12 
1 
3 
2 
2 
1 
3 
2 
2 
1 
2 
1 
4 
2 
1 
3 
3 
3 
1 
3 
84 
1 
2 
84 
3 
3 
1 
2 
1 
3 
1 
4 
2 
1 
4 
2 
4 
84 
1 
3 
3 
3 
84 
3 
4 
3 
2 
2 
2 
2 
84 
84 
4 
84 
2 
4 
2 
2 
1 
84 
1 
3 
84 
2 
4 
1 
1 
4 
4 
12 
12 
12 
12 
12 
12 
12 
12 
12 
12 
12 
12 
12 
12 
12 
12 
12 
80 
7 
3 
1 
65 
16 
43 
85 
36 
53 
21 
54 
44 
26 
56 
69 
16 
1 
31 
20 
54 
19 
86 
1 
43 
4 
4 87 
2 
34 
87 
3 
1 
4 
2 
6 
2 
1 
87 
87 
3 
2 
1 
87 
1 
2 
3 
1 
3 
2 
4 
1 
4 
1 
2 
87 
3 
3 
3 
87 
3 
3 
2 
4 
1 
4 
1 
2 
3 
1 
2 
1 
1 2 
1 
4 
2 
1 
4 
87 
3 
2 
1 
2 
2 
1 
3 
1 
1 
1 
2 
2 
3 
4 
2 
1 
3 
4 
3 
3 
4 
1 
3 
4 
3 
3 
1 
3 
4 
3 
4 
87 
87 
1 
1 
87 
1 
1 
4 
4 
87 
2 
4 
2 
3 
12 
12 
12 
12 
12 
12 
12 
12 
12 
12 
12 
12 
12 
4 
1 
25 
4 
38 
56 
24 
1 
70 
30 
30 
33 
69 
46 
28 
32 
88 
34 
30 
31 
30 
41 
48 
2 
50 
37 
4 
4 
3 
15 
2 
2 
2 
4 
3 
4 
1 
2 
3 
2 
3 
4 
3 
2 
4 
2 
3 
3 
4 
3 
1 
4 
2 
4 
3 
90 
1 
1 
2 
3 
4 
1 
3 
1 
2 
3 
1 
90 
90 
3 
2 
1 
2 
4 
2 
1 
4 
4 
1 
4 
1 
2 
3 
1 
1 
2 
4 
1 
90 
1 
2 
1 
1 
90 
2 
90 
3 
2 
4 
3 
90 
3 
2 
90 
3 
3 
4 
3 
2 
1 
1 
2 
4 
90 
12 
12 
12 
12 
12 
12 
12 
12 
12 
12 
12 
12 
12 
12 
12 
12 
12 
12 
12 
12 
64 
55 
1 
33 
74 
40 
39 
29 
68 
21 
74 
52 
60 
55 
86 
36 
29 
67 
37 
2 
23 
88 
33 
63 
1 
2 
4 
3 
3 
91 
4 
2 
91 
4 
4 
3 
2 
72 
85 
1 
3 
4 
1 
1 
91 
4 
2 
91 
2 
91 
1 
1 
2 
1 
4 
1 
91 
4 
4 
3 
4 
4 
1 
6 
3 
1 
1 
3 
4 
4 
1 
3 
3 
4 
91 
3 
91 
91 
3 
3 
4 
3 
1 
2 
2 
91 
2 
1 
3 
2 
2 
2 
1 
2 
2 
2 
3 
3 
2 
2 
33 
1 
4 
1 
3 
2 
2 
2 
4 
3 
4 
1 
4 
2 
1 
1 
2 
1 
3 
1 
92 
2 
4 
3 
2 
1 
1 
3 
4 
4 
3 
4 
1 
4 
